[[-990], [-1990], [-2990], [-3990], [-1000], [-991], [-2000], [-1991]]
TURN_RIGHT
MOVE_FORWARD
Score: -10
Move to: (2, 10)
GRAB_GOLD
Score: 90
[[-990], [-1990], [-2990], [-3990], [-1000], [-991], [-2000], [-1991], [-3000], [-4000], [-1010], [-1001], [-2010], [-2001]]
TURN_RIGHT
MOVE_FORWARD
Score: 80
Move to: (3, 10)
GRAB_GOLD
Score: 180
[[-990], [-1990], [-2990], [-3990], [-1000], [-991], [-2000], [-1991], [-3000], [-4000], [-1010], [-1001], [-2010], [-2001], [-3010], [-4010], [-1020], [-1011], [-2020], [-2011]]
TURN_RIGHT
MOVE_FORWARD
Score: 170
Move to: (4, 10)
[[-990], [-1990], [-2990], [-3990], [-1000], [-991], [-2000], [-1991], [-3000], [-4000], [-1010], [-1001], [-2010], [-2001], [-3010], [-4010], [-1020], [-1011], [-2020], [-2011], [-3020], [-4020], [-1030], [-1021], [-2030], [-2021]]
TURN_RIGHT
MOVE_FORWARD
Score: 160
Move to: (5, 10)
PERCEIVE_BREEZE
[[-990], [-1990], [-2990], [-3990], [-1000], [-991], [-2000], [-1991], [-3000], [-4000], [-1010], [-1001], [-2010], [-2001], [-3010], [-4010], [-1020], [-1011], [-2020], [-2011], [-3020], [-4020], [-1030], [-1021], [-2030], [-2021], [3030], [-4030], [-3030, 1020, 1031, 1040], [-1040, 3030], [-1020, 3030], [-1031, 3030], [-2040], [-2031]]
Infer: (6, 10)
TURN_RIGHT
INFER_PIT
INFER_NOT_PIT
Infer: (5, 9)
TURN_DOWN
INFER_PIT
INFER_NOT_PIT
TURN_LEFT
MOVE_FORWARD
Score: 150
Backtrack: (4, 10)
TURN_DOWN
MOVE_FORWARD
Score: 140
Move to: (4, 9)
PERCEIVE_BREEZE
[[-990], [-1990], [-2990], [-3990], [-1000], [-991], [-2000], [-1991], [-3000], [-4000], [-1010], [-1001], [-2010], [-2001], [-3010], [-4010], [-1020], [-1011], [-2020], [-2011], [-3020], [-4020], [-1030], [-1021], [-2030], [-2021], [3030], [-4030], [-3030, 1020, 1031, 1040], [-1040, 3030], [-1020, 3030], [-1031, 3030], [-2040], [-2031], [3021], [-4021], [-3021, 1011, 1020, 1022, 1031], [-1031, 3021], [-1011, 3021], [-1020, 3021], [-1022, 3021], [-2022]]
Infer: (5, 9)
TURN_RIGHT
INFER_PIT
INFER_NOT_PIT
Infer: (3, 9)
TURN_LEFT
INFER_PIT
INFER_NOT_PIT
DETECT_NO_PIT
Infer: (4, 8)
TURN_DOWN
INFER_PIT
INFER_NOT_PIT
TURN_UP
MOVE_FORWARD
Score: 130
Backtrack: (4, 10)
TURN_LEFT
MOVE_FORWARD
Score: 120
Backtrack: (3, 10)
TURN_DOWN
MOVE_FORWARD
Score: 110
Move to: (3, 9)
[[-990], [-1990], [-2990], [-3990], [-1000], [-991], [-2000], [-1991], [-3000], [-4000], [-1010], [-1001], [-2010], [-2001], [-3010], [-4010], [-1020], [-1011], [-2020], [-2011], [-3020], [-4020], [-1030], [-1021], [-2030], [-2021], [3030], [-4030], [-3030, 1020, 1031, 1040], [-1040, 3030], [-1020, 3030], [-1031, 3030], [-2040], [-2031], [3021], [-4021], [-3021, 1011, 1020, 1022, 1031], [-1031, 3021], [-1011, 3021], [-1020, 3021], [-1022, 3021], [-2022], [-3011], [-4011], [-1012], [-2012]]
TURN_DOWN
MOVE_FORWARD
Score: 100
Move to: (3, 8)
PERCEIVE_BREEZE
[[-990], [-1990], [-2990], [-3990], [-1000], [-991], [-2000], [-1991], [-3000], [-4000], [-1010], [-1001], [-2010], [-2001], [-3010], [-4010], [-1020], [-1011], [-2020], [-2011], [-3020], [-4020], [-1030], [-1021], [-2030], [-2021], [3030], [-4030], [-3030, 1020, 1031, 1040], [-1040, 3030], [-1020, 3030], [-1031, 3030], [-2040], [-2031], [3021], [-4021], [-3021, 1011, 1020, 1022, 1031], [-1031, 3021], [-1011, 3021], [-1020, 3021], [-1022, 3021], [-2022], [-3011], [-4011], [-1012], [-2012], [3012], [-4012], [-3012, 1002, 1011, 1013, 1022], [-1022, 3012], [-1002, 3012], [-1011, 3012], [-1013, 3012], [-2002], [-2013]]
Infer: (4, 8)
TURN_RIGHT
INFER_PIT
INFER_NOT_PIT
Infer: (2, 8)
TURN_LEFT
INFER_PIT
INFER_NOT_PIT
Infer: (3, 7)
TURN_DOWN
INFER_PIT
INFER_NOT_PIT
TURN_UP
MOVE_FORWARD
Score: 90
Backtrack: (3, 9)
TURN_UP
MOVE_FORWARD
Score: 80
Backtrack: (3, 10)
TURN_LEFT
MOVE_FORWARD
Score: 70
Backtrack: (2, 10)
TURN_DOWN
MOVE_FORWARD
Score: 60
Move to: (2, 9)
[[-990], [-1990], [-2990], [-3990], [-1000], [-991], [-2000], [-1991], [-3000], [-4000], [-1010], [-1001], [-2010], [-2001], [-3010], [-4010], [-1020], [-1011], [-2020], [-2011], [-3020], [-4020], [-1030], [-1021], [-2030], [-2021], [3030], [-4030], [-3030, 1020, 1031, 1040], [-1040, 3030], [-1020, 3030], [-1031, 3030], [-2040], [-2031], [3021], [-4021], [-3021, 1011, 1020, 1022, 1031], [-1031, 3021], [-1011, 3021], [-1020, 3021], [-1022, 3021], [-2022], [-3011], [-4011], [-1012], [-2012], [3012], [-4012], [-3012, 1002, 1011, 1013, 1022], [-1022, 3012], [-1002, 3012], [-1011, 3012], [-1013, 3012], [-2002], [-2013], [-3001], [-4001], [-1002]]
TURN_DOWN
MOVE_FORWARD
Score: 50
Move to: (2, 8)
PERCEIVE_STENCH
[[-990], [-1990], [-2990], [-3990], [-1000], [-991], [-2000], [-1991], [-3000], [-4000], [-1010], [-1001], [-2010], [-2001], [-3010], [-4010], [-1020], [-1011], [-2020], [-2011], [-3020], [-4020], [-1030], [-1021], [-2030], [-2021], [3030], [-4030], [-3030, 1020, 1031, 1040], [-1040, 3030], [-1020, 3030], [-1031, 3030], [-2040], [-2031], [3021], [-4021], [-3021, 1011, 1020, 1022, 1031], [-1031, 3021], [-1011, 3021], [-1020, 3021], [-1022, 3021], [-2022], [-3011], [-4011], [-1012], [-2012], [3012], [-4012], [-3012, 1002, 1011, 1013, 1022], [-1022, 3012], [-1002, 3012], [-1011, 3012], [-1013, 3012], [-2002], [-2013], [-3001], [-4001], [-1002], [-3002], [4002], [-992], [-1003], [-4002, 1992, 2001, 2003, 2012], [-2012, 4002], [-1992, 4002], [-2001, 4002], [-2003, 4002]]
Infer: (3, 8)
TURN_RIGHT
INFER_WUMPUS
INFER_NOT_WUMPUS
DETECT_NO_WUMPUS
Infer: (1, 8)
TURN_LEFT
INFER_WUMPUS
INFER_NOT_WUMPUS
Infer: (2, 7)
TURN_DOWN
INFER_WUMPUS
INFER_NOT_WUMPUS
Try: (1, 8)
TURN_LEFT
SHOOT
Score: -50
Try: (2, 7)
TURN_DOWN
SHOOT
Score: -150
KILL_WUMPUS
KB: [[-990], [-1990], [-2990], [-3990], [-1000], [-991], [-2000], [-1991], [-3000], [-4000], [-1010], [-1001], [-2010], [-2001], [-3010], [-4010], [-1020], [-1011], [-2020], [-2011], [-3020], [-4020], [-1030], [-1021], [-2030], [-2021], [3030], [-4030], [-3030, 1020, 1031, 1040], [-1040, 3030], [-1020, 3030], [-1031, 3030], [-2040], [-2031], [3021], [-4021], [-3021, 1011, 1020, 1022, 1031], [-1031, 3021], [-1011, 3021], [-1020, 3021], [-1022, 3021], [-2022], [-3011], [-4011], [-1012], [-2012], [3012], [-4012], [-3012, 1002, 1011, 1013, 1022], [-1022, 3012], [-1002, 3012], [-1011, 3012], [-1013, 3012], [-2002], [-2013], [-3001], [-4001], [-1002], [-3002], [-992], [-1003], [-4013], [-3993], [-4002], [-4004]]
TURN_DOWN
MOVE_FORWARD
Score: -160
Move to: (2, 7)
PERCEIVE_BREEZE
[[-990], [-1990], [-2990], [-3990], [-1000], [-991], [-2000], [-1991], [-3000], [-4000], [-1010], [-1001], [-2010], [-2001], [-3010], [-4010], [-1020], [-1011], [-2020], [-2011], [-3020], [-4020], [-1030], [-1021], [-2030], [-2021], [3030], [-4030], [-3030, 1020, 1031, 1040], [-1040, 3030], [-1020, 3030], [-1031, 3030], [-2040], [-2031], [3021], [-4021], [-3021, 1011, 1020, 1022, 1031], [-1031, 3021], [-1011, 3021], [-1020, 3021], [-1022, 3021], [-2022], [-3011], [-4011], [-1012], [-2012], [3012], [-4012], [-3012, 1002, 1011, 1013, 1022], [-1022, 3012], [-1002, 3012], [-1011, 3012], [-1013, 3012], [-2002], [-2013], [-3001], [-4001], [-1002], [-3002], [-992], [-1003], [-4013], [-3993], [-4002], [-4004], [-2003], [3003], [-4003], [-3003, 993, 1002, 1004, 1013], [-1013, 3003], [-993, 3003], [-1002, 3003], [-1004, 3003], [-1993], [-2004]]
Infer: (3, 7)
TURN_RIGHT
INFER_PIT
INFER_NOT_PIT
Infer: (1, 7)
TURN_LEFT
INFER_PIT
INFER_NOT_PIT
Infer: (2, 6)
TURN_DOWN
INFER_PIT
INFER_NOT_PIT
TURN_UP
MOVE_FORWARD
Score: -170
Backtrack: (2, 8)
TURN_UP
MOVE_FORWARD
Score: -180
Backtrack: (2, 9)
TURN_UP
MOVE_FORWARD
Score: -190
Backtrack: (2, 10)
TURN_LEFT
MOVE_FORWARD
Score: -200
Backtrack: (1, 10)
TURN_DOWN
MOVE_FORWARD
Score: -210
Move to: (1, 9)
[[-990], [-1990], [-2990], [-3990], [-1000], [-991], [-2000], [-1991], [-3000], [-4000], [-1010], [-1001], [-2010], [-2001], [-3010], [-4010], [-1020], [-1011], [-2020], [-2011], [-3020], [-4020], [-1030], [-1021], [-2030], [-2021], [3030], [-4030], [-3030, 1020, 1031, 1040], [-1040, 3030], [-1020, 3030], [-1031, 3030], [-2040], [-2031], [3021], [-4021], [-3021, 1011, 1020, 1022, 1031], [-1031, 3021], [-1011, 3021], [-1020, 3021], [-1022, 3021], [-2022], [-3011], [-4011], [-1012], [-2012], [3012], [-4012], [-3012, 1002, 1011, 1013, 1022], [-1022, 3012], [-1002, 3012], [-1011, 3012], [-1013, 3012], [-2002], [-2013], [-3001], [-4001], [-1002], [-3002], [-992], [-1003], [-4013], [-3993], [-4002], [-4004], [-2003], [3003], [-4003], [-3003, 993, 1002, 1004, 1013], [-1013, 3003], [-993, 3003], [-1002, 3003], [-1004, 3003], [-1993], [-2004], [-2991], [-3991], [-1992]]
TURN_DOWN
MOVE_FORWARD
Score: -220
Move to: (1, 8)
GRAB_GOLD
Score: -120
[[-990], [-1990], [-2990], [-3990], [-1000], [-991], [-2000], [-1991], [-3000], [-4000], [-1010], [-1001], [-2010], [-2001], [-3010], [-4010], [-1020], [-1011], [-2020], [-2011], [-3020], [-4020], [-1030], [-1021], [-2030], [-2021], [3030], [-4030], [-3030, 1020, 1031, 1040], [-1040, 3030], [-1020, 3030], [-1031, 3030], [-2040], [-2031], [3021], [-4021], [-3021, 1011, 1020, 1022, 1031], [-1031, 3021], [-1011, 3021], [-1020, 3021], [-1022, 3021], [-2022], [-3011], [-4011], [-1012], [-2012], [3012], [-4012], [-3012, 1002, 1011, 1013, 1022], [-1022, 3012], [-1002, 3012], [-1011, 3012], [-1013, 3012], [-2002], [-2013], [-3001], [-4001], [-1002], [-3002], [-992], [-1003], [-4013], [-3993], [-4002], [-4004], [-2003], [3003], [-4003], [-3003, 993, 1002, 1004, 1013], [-1013, 3003], [-993, 3003], [-1002, 3003], [-1004, 3003], [-1993], [-2004], [-2991], [-3991], [-1992], [-2992], [-3992], [-993]]
TURN_DOWN
MOVE_FORWARD
Score: -130
Move to: (1, 7)
[[-990], [-1990], [-2990], [-3990], [-1000], [-991], [-2000], [-1991], [-3000], [-4000], [-1010], [-1001], [-2010], [-2001], [-3010], [-4010], [-1020], [-1011], [-2020], [-2011], [-3020], [-4020], [-1030], [-1021], [-2030], [-2021], [3030], [-4030], [-3030, 1020, 1031, 1040], [-1040, 3030], [-1020, 3030], [-1031, 3030], [-2040], [-2031], [3021], [-4021], [-3021, 1011, 1020, 1022, 1031], [-1031, 3021], [-1011, 3021], [-1020, 3021], [-1022, 3021], [-2022], [-3011], [-4011], [-1012], [-2012], [3012], [-4012], [-3012, 1002, 1011, 1013, 1022], [-1022, 3012], [-1002, 3012], [-1011, 3012], [-1013, 3012], [-2002], [-2013], [-3001], [-4001], [-1002], [-3002], [-992], [-1003], [-4013], [-3993], [-4002], [-4004], [-2003], [3003], [-4003], [-3003, 993, 1002, 1004, 1013], [-1013, 3003], [-993, 3003], [-1002, 3003], [-1004, 3003], [-1993], [-2004], [-2991], [-3991], [-1992], [-2992], [-3992], [-993], [-2993], [-994], [-1994]]
TURN_DOWN
MOVE_FORWARD
Score: -140
Move to: (1, 6)
[[-990], [-1990], [-2990], [-3990], [-1000], [-991], [-2000], [-1991], [-3000], [-4000], [-1010], [-1001], [-2010], [-2001], [-3010], [-4010], [-1020], [-1011], [-2020], [-2011], [-3020], [-4020], [-1030], [-1021], [-2030], [-2021], [3030], [-4030], [-3030, 1020, 1031, 1040], [-1040, 3030], [-1020, 3030], [-1031, 3030], [-2040], [-2031], [3021], [-4021], [-3021, 1011, 1020, 1022, 1031], [-1031, 3021], [-1011, 3021], [-1020, 3021], [-1022, 3021], [-2022], [-3011], [-4011], [-1012], [-2012], [3012], [-4012], [-3012, 1002, 1011, 1013, 1022], [-1022, 3012], [-1002, 3012], [-1011, 3012], [-1013, 3012], [-2002], [-2013], [-3001], [-4001], [-1002], [-3002], [-992], [-1003], [-4013], [-3993], [-4002], [-4004], [-2003], [3003], [-4003], [-3003, 993, 1002, 1004, 1013], [-1013, 3003], [-993, 3003], [-1002, 3003], [-1004, 3003], [-1993], [-2004], [-2991], [-3991], [-1992], [-2992], [-3992], [-993], [-2993], [-994], [-1994], [-2994], [-3994], [-1004], [-995], [-1995]]
TURN_RIGHT
MOVE_FORWARD
Score: -150
Move to: (2, 6)
[[-990], [-1990], [-2990], [-3990], [-1000], [-991], [-2000], [-1991], [-3000], [-4000], [-1010], [-1001], [-2010], [-2001], [-3010], [-4010], [-1020], [-1011], [-2020], [-2011], [-3020], [-4020], [-1030], [-1021], [-2030], [-2021], [3030], [-4030], [-3030, 1020, 1031, 1040], [-1040, 3030], [-1020, 3030], [-1031, 3030], [-2040], [-2031], [3021], [-4021], [-3021, 1011, 1020, 1022, 1031], [-1031, 3021], [-1011, 3021], [-1020, 3021], [-1022, 3021], [-2022], [-3011], [-4011], [-1012], [-2012], [3012], [-4012], [-3012, 1002, 1011, 1013, 1022], [-1022, 3012], [-1002, 3012], [-1011, 3012], [-1013, 3012], [-2002], [-2013], [-3001], [-4001], [-1002], [-3002], [-992], [-1003], [-4013], [-3993], [-4002], [-4004], [-2003], [3003], [-4003], [-3003, 993, 1002, 1004, 1013], [-1013, 3003], [-993, 3003], [-1002, 3003], [-1004, 3003], [-1993], [-2004], [-2991], [-3991], [-1992], [-2992], [-3992], [-993], [-2993], [-994], [-1994], [-2994], [-3994], [-1004], [-995], [-1995], [-3004], [-1014], [-1005], [-2014], [-2005]]
TURN_RIGHT
MOVE_FORWARD
Score: -160
Move to: (3, 6)
GRAB_GOLD
Score: -60
PERCEIVE_BREEZE
[[-990], [-1990], [-2990], [-3990], [-1000], [-991], [-2000], [-1991], [-3000], [-4000], [-1010], [-1001], [-2010], [-2001], [-3010], [-4010], [-1020], [-1011], [-2020], [-2011], [-3020], [-4020], [-1030], [-1021], [-2030], [-2021], [3030], [-4030], [-3030, 1020, 1031, 1040], [-1040, 3030], [-1020, 3030], [-1031, 3030], [-2040], [-2031], [3021], [-4021], [-3021, 1011, 1020, 1022, 1031], [-1031, 3021], [-1011, 3021], [-1020, 3021], [-1022, 3021], [-2022], [-3011], [-4011], [-1012], [-2012], [3012], [-4012], [-3012, 1002, 1011, 1013, 1022], [-1022, 3012], [-1002, 3012], [-1011, 3012], [-1013, 3012], [-2002], [-2013], [-3001], [-4001], [-1002], [-3002], [-992], [-1003], [-4013], [-3993], [-4002], [-4004], [-2003], [3003], [-4003], [-3003, 993, 1002, 1004, 1013], [-1013, 3003], [-993, 3003], [-1002, 3003], [-1004, 3003], [-1993], [-2004], [-2991], [-3991], [-1992], [-2992], [-3992], [-993], [-2993], [-994], [-1994], [-2994], [-3994], [-1004], [-995], [-1995], [-3004], [-1014], [-1005], [-2014], [-2005], [3014], [-4014], [-3014, 1004, 1013, 1015, 1024], [-1024, 3014], [-1004, 3014], [-1013, 3014], [-1015, 3014], [-2024], [-2015]]
Infer: (4, 6)
TURN_RIGHT
INFER_PIT
INFER_NOT_PIT
Infer: (3, 7)
TURN_UP
INFER_PIT
DETECT_PIT
[[-990], [-1990], [-2990], [-3990], [-1000], [-991], [-2000], [-1991], [-3000], [-4000], [-1010], [-1001], [-2010], [-2001], [-3010], [-4010], [-1020], [-1011], [-2020], [-2011], [-3020], [-4020], [-1030], [-1021], [-2030], [-2021], [3030], [-4030], [-3030, 1020, 1031, 1040], [-1040, 3030], [-1020, 3030], [-1031, 3030], [-2040], [-2031], [3021], [-4021], [-3021, 1011, 1020, 1022, 1031], [-1031, 3021], [-1011, 3021], [-1020, 3021], [-1022, 3021], [-2022], [-3011], [-4011], [-1012], [-2012], [3012], [-4012], [-3012, 1002, 1011, 1013, 1022], [-1022, 3012], [-1002, 3012], [-1011, 3012], [-1013, 3012], [-2002], [-2013], [-3001], [-4001], [-1002], [-3002], [-992], [-1003], [-4013], [-3993], [-4002], [-4004], [-2003], [3003], [-4003], [-3003, 993, 1002, 1004, 1013], [-1013, 3003], [-993, 3003], [-1002, 3003], [-1004, 3003], [-1993], [-2004], [-2991], [-3991], [-1992], [-2992], [-3992], [-993], [-2993], [-994], [-1994], [-2994], [-3994], [-1004], [-995], [-1995], [-3004], [-1014], [-1005], [-2014], [-2005], [3014], [-4014], [-3014, 1004, 1013, 1015, 1024], [-1024, 3014], [-1004, 3014], [-1013, 3014], [-1015, 3014], [-2024], [-2015], [1013], [-3013], [-1023], [-2023]]
Infer: (3, 5)
TURN_DOWN
INFER_PIT
INFER_NOT_PIT
TURN_LEFT
MOVE_FORWARD
Score: -70
Backtrack: (2, 6)
TURN_DOWN
MOVE_FORWARD
Score: -80
Move to: (2, 5)
GRAB_GOLD
Score: 20
[[-990], [-1990], [-2990], [-3990], [-1000], [-991], [-2000], [-1991], [-3000], [-4000], [-1010], [-1001], [-2010], [-2001], [-3010], [-4010], [-1020], [-1011], [-2020], [-2011], [-3020], [-4020], [-1030], [-1021], [-2030], [-2021], [3030], [-4030], [-3030, 1020, 1031, 1040], [-1040, 3030], [-1020, 3030], [-1031, 3030], [-2040], [-2031], [3021], [-4021], [-3021, 1011, 1020, 1022, 1031], [-1031, 3021], [-1011, 3021], [-1020, 3021], [-1022, 3021], [-2022], [-3011], [-4011], [-1012], [-2012], [3012], [-4012], [-3012, 1002, 1011, 1013, 1022], [-1022, 3012], [-1002, 3012], [-1011, 3012], [-1013, 3012], [-2002], [-2013], [-3001], [-4001], [-1002], [-3002], [-992], [-1003], [-4013], [-3993], [-4002], [-4004], [-2003], [3003], [-4003], [-3003, 993, 1002, 1004, 1013], [-1013, 3003], [-993, 3003], [-1002, 3003], [-1004, 3003], [-1993], [-2004], [-2991], [-3991], [-1992], [-2992], [-3992], [-993], [-2993], [-994], [-1994], [-2994], [-3994], [-1004], [-995], [-1995], [-3004], [-1014], [-1005], [-2014], [-2005], [3014], [-4014], [-3014, 1004, 1013, 1015, 1024], [-1024, 3014], [-1004, 3014], [-1013, 3014], [-1015, 3014], [-2024], [-2015], [1013], [-3013], [-1023], [-2023], [-3005], [-4005], [-1015], [-1006], [-2006]]
TURN_RIGHT
MOVE_FORWARD
Score: 10
Move to: (3, 5)
[[-990], [-1990], [-2990], [-3990], [-1000], [-991], [-2000], [-1991], [-3000], [-4000], [-1010], [-1001], [-2010], [-2001], [-3010], [-4010], [-1020], [-1011], [-2020], [-2011], [-3020], [-4020], [-1030], [-1021], [-2030], [-2021], [3030], [-4030], [-3030, 1020, 1031, 1040], [-1040, 3030], [-1020, 3030], [-1031, 3030], [-2040], [-2031], [3021], [-4021], [-3021, 1011, 1020, 1022, 1031], [-1031, 3021], [-1011, 3021], [-1020, 3021], [-1022, 3021], [-2022], [-3011], [-4011], [-1012], [-2012], [3012], [-4012], [-3012, 1002, 1011, 1013, 1022], [-1022, 3012], [-1002, 3012], [-1011, 3012], [-1013, 3012], [-2002], [-2013], [-3001], [-4001], [-1002], [-3002], [-992], [-1003], [-4013], [-3993], [-4002], [-4004], [-2003], [3003], [-4003], [-3003, 993, 1002, 1004, 1013], [-1013, 3003], [-993, 3003], [-1002, 3003], [-1004, 3003], [-1993], [-2004], [-2991], [-3991], [-1992], [-2992], [-3992], [-993], [-2993], [-994], [-1994], [-2994], [-3994], [-1004], [-995], [-1995], [-3004], [-1014], [-1005], [-2014], [-2005], [3014], [-4014], [-3014, 1004, 1013, 1015, 1024], [-1024, 3014], [-1004, 3014], [-1013, 3014], [-1015, 3014], [-2024], [-2015], [1013], [-3013], [-1023], [-2023], [-3005], [-4005], [-1015], [-1006], [-2006], [-3015], [-4015], [-1025], [-1016], [-2025], [-2016]]
TURN_RIGHT
MOVE_FORWARD
Score: 0
Move to: (4, 5)
PERCEIVE_BREEZE
[[-990], [-1990], [-2990], [-3990], [-1000], [-991], [-2000], [-1991], [-3000], [-4000], [-1010], [-1001], [-2010], [-2001], [-3010], [-4010], [-1020], [-1011], [-2020], [-2011], [-3020], [-4020], [-1030], [-1021], [-2030], [-2021], [3030], [-4030], [-3030, 1020, 1031, 1040], [-1040, 3030], [-1020, 3030], [-1031, 3030], [-2040], [-2031], [3021], [-4021], [-3021, 1011, 1020, 1022, 1031], [-1031, 3021], [-1011, 3021], [-1020, 3021], [-1022, 3021], [-2022], [-3011], [-4011], [-1012], [-2012], [3012], [-4012], [-3012, 1002, 1011, 1013, 1022], [-1022, 3012], [-1002, 3012], [-1011, 3012], [-1013, 3012], [-2002], [-2013], [-3001], [-4001], [-1002], [-3002], [-992], [-1003], [-4013], [-3993], [-4002], [-4004], [-2003], [3003], [-4003], [-3003, 993, 1002, 1004, 1013], [-1013, 3003], [-993, 3003], [-1002, 3003], [-1004, 3003], [-1993], [-2004], [-2991], [-3991], [-1992], [-2992], [-3992], [-993], [-2993], [-994], [-1994], [-2994], [-3994], [-1004], [-995], [-1995], [-3004], [-1014], [-1005], [-2014], [-2005], [3014], [-4014], [-3014, 1004, 1013, 1015, 1024], [-1024, 3014], [-1004, 3014], [-1013, 3014], [-1015, 3014], [-2024], [-2015], [1013], [-3013], [-1023], [-2023], [-3005], [-4005], [-1015], [-1006], [-2006], [-3015], [-4015], [-1025], [-1016], [-2025], [-2016], [3025], [-4025], [-3025, 1015, 1024, 1026, 1035], [-1035, 3025], [-1015, 3025], [-1024, 3025], [-1026, 3025], [-2035], [-2026]]
Infer: (5, 5)
TURN_RIGHT
INFER_PIT
INFER_NOT_PIT
Infer: (4, 6)
TURN_UP
INFER_PIT
INFER_NOT_PIT
Infer: (4, 4)
TURN_DOWN
INFER_PIT
INFER_NOT_PIT
TURN_LEFT
MOVE_FORWARD
Score: -10
Backtrack: (3, 5)
TURN_DOWN
MOVE_FORWARD
Score: -20
Move to: (3, 4)
PERCEIVE_BREEZE
[[-990], [-1990], [-2990], [-3990], [-1000], [-991], [-2000], [-1991], [-3000], [-4000], [-1010], [-1001], [-2010], [-2001], [-3010], [-4010], [-1020], [-1011], [-2020], [-2011], [-3020], [-4020], [-1030], [-1021], [-2030], [-2021], [3030], [-4030], [-3030, 1020, 1031, 1040], [-1040, 3030], [-1020, 3030], [-1031, 3030], [-2040], [-2031], [3021], [-4021], [-3021, 1011, 1020, 1022, 1031], [-1031, 3021], [-1011, 3021], [-1020, 3021], [-1022, 3021], [-2022], [-3011], [-4011], [-1012], [-2012], [3012], [-4012], [-3012, 1002, 1011, 1013, 1022], [-1022, 3012], [-1002, 3012], [-1011, 3012], [-1013, 3012], [-2002], [-2013], [-3001], [-4001], [-1002], [-3002], [-992], [-1003], [-4013], [-3993], [-4002], [-4004], [-2003], [3003], [-4003], [-3003, 993, 1002, 1004, 1013], [-1013, 3003], [-993, 3003], [-1002, 3003], [-1004, 3003], [-1993], [-2004], [-2991], [-3991], [-1992], [-2992], [-3992], [-993], [-2993], [-994], [-1994], [-2994], [-3994], [-1004], [-995], [-1995], [-3004], [-1014], [-1005], [-2014], [-2005], [3014], [-4014], [-3014, 1004, 1013, 1015, 1024], [-1024, 3014], [-1004, 3014], [-1013, 3014], [-1015, 3014], [-2024], [-2015], [1013], [-3013], [-1023], [-2023], [-3005], [-4005], [-1015], [-1006], [-2006], [-3015], [-4015], [-1025], [-1016], [-2025], [-2016], [3025], [-4025], [-3025, 1015, 1024, 1026, 1035], [-1035, 3025], [-1015, 3025], [-1024, 3025], [-1026, 3025], [-2035], [-2026], [3016], [-4016], [-3016, 1006, 1015, 1017, 1026], [-1026, 3016], [-1006, 3016], [-1015, 3016], [-1017, 3016], [-2017]]
Infer: (4, 4)
TURN_RIGHT
INFER_PIT
INFER_NOT_PIT
Infer: (2, 4)
TURN_LEFT
INFER_PIT
INFER_NOT_PIT
DETECT_NO_PIT
Infer: (3, 3)
TURN_DOWN
INFER_PIT
INFER_NOT_PIT
TURN_UP
MOVE_FORWARD
Score: -30
Backtrack: (3, 5)
TURN_LEFT
MOVE_FORWARD
Score: -40
Backtrack: (2, 5)
TURN_DOWN
MOVE_FORWARD
Score: -50
Move to: (2, 4)
[[-990], [-1990], [-2990], [-3990], [-1000], [-991], [-2000], [-1991], [-3000], [-4000], [-1010], [-1001], [-2010], [-2001], [-3010], [-4010], [-1020], [-1011], [-2020], [-2011], [-3020], [-4020], [-1030], [-1021], [-2030], [-2021], [3030], [-4030], [-3030, 1020, 1031, 1040], [-1040, 3030], [-1020, 3030], [-1031, 3030], [-2040], [-2031], [3021], [-4021], [-3021, 1011, 1020, 1022, 1031], [-1031, 3021], [-1011, 3021], [-1020, 3021], [-1022, 3021], [-2022], [-3011], [-4011], [-1012], [-2012], [3012], [-4012], [-3012, 1002, 1011, 1013, 1022], [-1022, 3012], [-1002, 3012], [-1011, 3012], [-1013, 3012], [-2002], [-2013], [-3001], [-4001], [-1002], [-3002], [-992], [-1003], [-4013], [-3993], [-4002], [-4004], [-2003], [3003], [-4003], [-3003, 993, 1002, 1004, 1013], [-1013, 3003], [-993, 3003], [-1002, 3003], [-1004, 3003], [-1993], [-2004], [-2991], [-3991], [-1992], [-2992], [-3992], [-993], [-2993], [-994], [-1994], [-2994], [-3994], [-1004], [-995], [-1995], [-3004], [-1014], [-1005], [-2014], [-2005], [3014], [-4014], [-3014, 1004, 1013, 1015, 1024], [-1024, 3014], [-1004, 3014], [-1013, 3014], [-1015, 3014], [-2024], [-2015], [1013], [-3013], [-1023], [-2023], [-3005], [-4005], [-1015], [-1006], [-2006], [-3015], [-4015], [-1025], [-1016], [-2025], [-2016], [3025], [-4025], [-3025, 1015, 1024, 1026, 1035], [-1035, 3025], [-1015, 3025], [-1024, 3025], [-1026, 3025], [-2035], [-2026], [3016], [-4016], [-3016, 1006, 1015, 1017, 1026], [-1026, 3016], [-1006, 3016], [-1015, 3016], [-1017, 3016], [-2017], [-3006], [-4006], [-996], [-1007], [-1996], [-2007]]
TURN_LEFT
MOVE_FORWARD
Score: -60
Move to: (1, 4)
GRAB_GOLD
Score: 40
PERCEIVE_BREEZE
[[-990], [-1990], [-2990], [-3990], [-1000], [-991], [-2000], [-1991], [-3000], [-4000], [-1010], [-1001], [-2010], [-2001], [-3010], [-4010], [-1020], [-1011], [-2020], [-2011], [-3020], [-4020], [-1030], [-1021], [-2030], [-2021], [3030], [-4030], [-3030, 1020, 1031, 1040], [-1040, 3030], [-1020, 3030], [-1031, 3030], [-2040], [-2031], [3021], [-4021], [-3021, 1011, 1020, 1022, 1031], [-1031, 3021], [-1011, 3021], [-1020, 3021], [-1022, 3021], [-2022], [-3011], [-4011], [-1012], [-2012], [3012], [-4012], [-3012, 1002, 1011, 1013, 1022], [-1022, 3012], [-1002, 3012], [-1011, 3012], [-1013, 3012], [-2002], [-2013], [-3001], [-4001], [-1002], [-3002], [-992], [-1003], [-4013], [-3993], [-4002], [-4004], [-2003], [3003], [-4003], [-3003, 993, 1002, 1004, 1013], [-1013, 3003], [-993, 3003], [-1002, 3003], [-1004, 3003], [-1993], [-2004], [-2991], [-3991], [-1992], [-2992], [-3992], [-993], [-2993], [-994], [-1994], [-2994], [-3994], [-1004], [-995], [-1995], [-3004], [-1014], [-1005], [-2014], [-2005], [3014], [-4014], [-3014, 1004, 1013, 1015, 1024], [-1024, 3014], [-1004, 3014], [-1013, 3014], [-1015, 3014], [-2024], [-2015], [1013], [-3013], [-1023], [-2023], [-3005], [-4005], [-1015], [-1006], [-2006], [-3015], [-4015], [-1025], [-1016], [-2025], [-2016], [3025], [-4025], [-3025, 1015, 1024, 1026, 1035], [-1035, 3025], [-1015, 3025], [-1024, 3025], [-1026, 3025], [-2035], [-2026], [3016], [-4016], [-3016, 1006, 1015, 1017, 1026], [-1026, 3016], [-1006, 3016], [-1015, 3016], [-1017, 3016], [-2017], [-3006], [-4006], [-996], [-1007], [-1996], [-2007], [2996], [-3996], [-2996, 995, 997, 1006], [-1006, 2996], [-995, 2996], [-997, 2996], [-1997]]
Infer: (1, 5)
TURN_UP
INFER_PIT
INFER_NOT_PIT
DETECT_NO_PIT
Infer: (1, 3)
TURN_DOWN
INFER_PIT
DETECT_PIT
[[-990], [-1990], [-2990], [-3990], [-1000], [-991], [-2000], [-1991], [-3000], [-4000], [-1010], [-1001], [-2010], [-2001], [-3010], [-4010], [-1020], [-1011], [-2020], [-2011], [-3020], [-4020], [-1030], [-1021], [-2030], [-2021], [3030], [-4030], [-3030, 1020, 1031, 1040], [-1040, 3030], [-1020, 3030], [-1031, 3030], [-2040], [-2031], [3021], [-4021], [-3021, 1011, 1020, 1022, 1031], [-1031, 3021], [-1011, 3021], [-1020, 3021], [-1022, 3021], [-2022], [-3011], [-4011], [-1012], [-2012], [3012], [-4012], [-3012, 1002, 1011, 1013, 1022], [-1022, 3012], [-1002, 3012], [-1011, 3012], [-1013, 3012], [-2002], [-2013], [-3001], [-4001], [-1002], [-3002], [-992], [-1003], [-4013], [-3993], [-4002], [-4004], [-2003], [3003], [-4003], [-3003, 993, 1002, 1004, 1013], [-1013, 3003], [-993, 3003], [-1002, 3003], [-1004, 3003], [-1993], [-2004], [-2991], [-3991], [-1992], [-2992], [-3992], [-993], [-2993], [-994], [-1994], [-2994], [-3994], [-1004], [-995], [-1995], [-3004], [-1014], [-1005], [-2014], [-2005], [3014], [-4014], [-3014, 1004, 1013, 1015, 1024], [-1024, 3014], [-1004, 3014], [-1013, 3014], [-1015, 3014], [-2024], [-2015], [1013], [-3013], [-1023], [-2023], [-3005], [-4005], [-1015], [-1006], [-2006], [-3015], [-4015], [-1025], [-1016], [-2025], [-2016], [3025], [-4025], [-3025, 1015, 1024, 1026, 1035], [-1035, 3025], [-1015, 3025], [-1024, 3025], [-1026, 3025], [-2035], [-2026], [3016], [-4016], [-3016, 1006, 1015, 1017, 1026], [-1026, 3016], [-1006, 3016], [-1015, 3016], [-1017, 3016], [-2017], [-3006], [-4006], [-996], [-1007], [-1996], [-2007], [2996], [-3996], [-2996, 995, 997, 1006], [-1006, 2996], [-995, 2996], [-997, 2996], [-1997], [997], [-2997], [-3997], [-998], [-1998]]
TURN_RIGHT
MOVE_FORWARD
Score: 30
Backtrack: (2, 4)
TURN_DOWN
MOVE_FORWARD
Score: 20
Move to: (2, 3)
GRAB_GOLD
Score: 120
PERCEIVE_BREEZE
[[-990], [-1990], [-2990], [-3990], [-1000], [-991], [-2000], [-1991], [-3000], [-4000], [-1010], [-1001], [-2010], [-2001], [-3010], [-4010], [-1020], [-1011], [-2020], [-2011], [-3020], [-4020], [-1030], [-1021], [-2030], [-2021], [3030], [-4030], [-3030, 1020, 1031, 1040], [-1040, 3030], [-1020, 3030], [-1031, 3030], [-2040], [-2031], [3021], [-4021], [-3021, 1011, 1020, 1022, 1031], [-1031, 3021], [-1011, 3021], [-1020, 3021], [-1022, 3021], [-2022], [-3011], [-4011], [-1012], [-2012], [3012], [-4012], [-3012, 1002, 1011, 1013, 1022], [-1022, 3012], [-1002, 3012], [-1011, 3012], [-1013, 3012], [-2002], [-2013], [-3001], [-4001], [-1002], [-3002], [-992], [-1003], [-4013], [-3993], [-4002], [-4004], [-2003], [3003], [-4003], [-3003, 993, 1002, 1004, 1013], [-1013, 3003], [-993, 3003], [-1002, 3003], [-1004, 3003], [-1993], [-2004], [-2991], [-3991], [-1992], [-2992], [-3992], [-993], [-2993], [-994], [-1994], [-2994], [-3994], [-1004], [-995], [-1995], [-3004], [-1014], [-1005], [-2014], [-2005], [3014], [-4014], [-3014, 1004, 1013, 1015, 1024], [-1024, 3014], [-1004, 3014], [-1013, 3014], [-1015, 3014], [-2024], [-2015], [1013], [-3013], [-1023], [-2023], [-3005], [-4005], [-1015], [-1006], [-2006], [-3015], [-4015], [-1025], [-1016], [-2025], [-2016], [3025], [-4025], [-3025, 1015, 1024, 1026, 1035], [-1035, 3025], [-1015, 3025], [-1024, 3025], [-1026, 3025], [-2035], [-2026], [3016], [-4016], [-3016, 1006, 1015, 1017, 1026], [-1026, 3016], [-1006, 3016], [-1015, 3016], [-1017, 3016], [-2017], [-3006], [-4006], [-996], [-1007], [-1996], [-2007], [2996], [-3996], [-2996, 995, 997, 1006], [-1006, 2996], [-995, 2996], [-997, 2996], [-1997], [997], [-2997], [-3997], [-998], [-1998], [3007], [-4007], [-3007, 997, 1006, 1008, 1017], [-1017, 3007], [-997, 3007], [-1006, 3007], [-1008, 3007], [-2008]]
Infer: (3, 3)
TURN_RIGHT
INFER_PIT
INFER_NOT_PIT
Infer: (2, 2)
TURN_DOWN
INFER_PIT
INFER_NOT_PIT
TURN_UP
MOVE_FORWARD
Score: 110
Backtrack: (2, 4)
TURN_UP
MOVE_FORWARD
Score: 100
Backtrack: (2, 5)
TURN_UP
MOVE_FORWARD
Score: 90
Backtrack: (2, 6)
TURN_LEFT
MOVE_FORWARD
Score: 80
Backtrack: (1, 6)
TURN_DOWN
MOVE_FORWARD
Score: 70
Move to: (1, 5)
[[-990], [-1990], [-2990], [-3990], [-1000], [-991], [-2000], [-1991], [-3000], [-4000], [-1010], [-1001], [-2010], [-2001], [-3010], [-4010], [-1020], [-1011], [-2020], [-2011], [-3020], [-4020], [-1030], [-1021], [-2030], [-2021], [3030], [-4030], [-3030, 1020, 1031, 1040], [-1040, 3030], [-1020, 3030], [-1031, 3030], [-2040], [-2031], [3021], [-4021], [-3021, 1011, 1020, 1022, 1031], [-1031, 3021], [-1011, 3021], [-1020, 3021], [-1022, 3021], [-2022], [-3011], [-4011], [-1012], [-2012], [3012], [-4012], [-3012, 1002, 1011, 1013, 1022], [-1022, 3012], [-1002, 3012], [-1011, 3012], [-1013, 3012], [-2002], [-2013], [-3001], [-4001], [-1002], [-3002], [-992], [-1003], [-4013], [-3993], [-4002], [-4004], [-2003], [3003], [-4003], [-3003, 993, 1002, 1004, 1013], [-1013, 3003], [-993, 3003], [-1002, 3003], [-1004, 3003], [-1993], [-2004], [-2991], [-3991], [-1992], [-2992], [-3992], [-993], [-2993], [-994], [-1994], [-2994], [-3994], [-1004], [-995], [-1995], [-3004], [-1014], [-1005], [-2014], [-2005], [3014], [-4014], [-3014, 1004, 1013, 1015, 1024], [-1024, 3014], [-1004, 3014], [-1013, 3014], [-1015, 3014], [-2024], [-2015], [1013], [-3013], [-1023], [-2023], [-3005], [-4005], [-1015], [-1006], [-2006], [-3015], [-4015], [-1025], [-1016], [-2025], [-2016], [3025], [-4025], [-3025, 1015, 1024, 1026, 1035], [-1035, 3025], [-1015, 3025], [-1024, 3025], [-1026, 3025], [-2035], [-2026], [3016], [-4016], [-3016, 1006, 1015, 1017, 1026], [-1026, 3016], [-1006, 3016], [-1015, 3016], [-1017, 3016], [-2017], [-3006], [-4006], [-996], [-1007], [-1996], [-2007], [2996], [-3996], [-2996, 995, 997, 1006], [-1006, 2996], [-995, 2996], [-997, 2996], [-1997], [997], [-2997], [-3997], [-998], [-1998], [3007], [-4007], [-3007, 997, 1006, 1008, 1017], [-1017, 3007], [-997, 3007], [-1006, 3007], [-1008, 3007], [-2008], [-2995], [-3995]]
TURN_UP
MOVE_FORWARD
Score: 60
Backtrack: (1, 6)
TURN_UP
MOVE_FORWARD
Score: 50
Backtrack: (1, 7)
TURN_UP
MOVE_FORWARD
Score: 40
Backtrack: (1, 8)
TURN_UP
MOVE_FORWARD
Score: 30
Backtrack: (1, 9)
TURN_UP
MOVE_FORWARD
Score: 20
Backtrack: (1, 10)
CLIMB_OUT_OF_THE_CAVE
Score: 30
